board/C:serial/I:temp/I:vbias/F:vover/F:time/F:channel/C:counts/I
BCOM 2 293 29.750000 3.000000 0.100000 A1 55142
BCOM 2 293 29.750000 3.000000 0.100000 A2 66289
BCOM 2 293 29.750000 3.000000 0.100000 A3 50651
BCOM 2 293 29.750000 3.000000 0.100000 A4 58709
BCOM 2 293 29.750000 3.000000 0.100000 B1 55613
BCOM 2 293 29.750000 3.000000 0.100000 B2 56042
BCOM 2 293 29.750000 3.000000 0.100000 B3 61844
BCOM 2 293 29.750000 3.000000 0.100000 B4 63034
BCOM 2 293 29.750000 3.000000 0.100000 C1 63049
BCOM 2 293 29.750000 3.000000 0.100000 C2 58020
BCOM 2 293 29.750000 3.000000 0.100000 C3 64052
BCOM 2 293 29.750000 3.000000 0.100000 C4 56435
BCOM 2 293 29.750000 3.000000 0.100000 D1 61676
BCOM 2 293 29.750000 3.000000 0.100000 D2 61651
BCOM 2 293 29.750000 3.000000 0.100000 D3 60855
BCOM 2 293 29.750000 3.000000 0.100000 D4 62771
BCOM 2 293 29.750000 3.000000 0.100000 E1 61825
BCOM 2 293 29.750000 3.000000 0.100000 E2 65145
BCOM 2 293 29.750000 3.000000 0.100000 E3 57353
BCOM 2 293 29.750000 3.000000 0.100000 E4 59246
BCOM 2 293 29.750000 3.000000 0.100000 F1 61746
BCOM 2 293 29.750000 3.000000 0.100000 F2 55525
BCOM 2 293 29.750000 3.000000 0.100000 F3 54810
BCOM 2 293 29.750000 3.000000 0.100000 F4 63336
BCOM 2 293 29.750000 3.000000 0.100000 G1 56297
BCOM 2 293 29.750000 3.000000 0.100000 G2 51445
BCOM 2 293 29.750000 3.000000 0.100000 G3 55213
BCOM 2 293 29.750000 3.000000 0.100000 G4 62409
BCOM 2 293 29.750000 3.000000 0.100000 H1 59145
BCOM 2 293 29.750000 3.000000 0.100000 H2 62014
BCOM 2 293 29.750000 3.000000 0.100000 H3 64422
BCOM 2 293 29.750000 3.000000 0.100000 H4 59146
BCOM 2 293 32.750000 6.000000 0.100000 A1 99045
BCOM 2 293 32.750000 6.000000 0.100000 A2 111905
BCOM 2 293 32.750000 6.000000 0.100000 A3 87845
BCOM 2 293 32.750000 6.000000 0.100000 A4 105577
BCOM 2 293 32.750000 6.000000 0.100000 B1 98886
BCOM 2 293 32.750000 6.000000 0.100000 B2 99134
BCOM 2 293 32.750000 6.000000 0.100000 B3 108144
BCOM 2 293 32.750000 6.000000 0.100000 B4 107008
BCOM 2 293 32.750000 6.000000 0.100000 C1 108862
BCOM 2 293 32.750000 6.000000 0.100000 C2 103236
BCOM 2 293 32.750000 6.000000 0.100000 C3 111857
BCOM 2 293 32.750000 6.000000 0.100000 C4 99283
BCOM 2 293 32.750000 6.000000 0.100000 D1 106796
BCOM 2 293 32.750000 6.000000 0.100000 D2 108449
BCOM 2 293 32.750000 6.000000 0.100000 D3 107242
BCOM 2 293 32.750000 6.000000 0.100000 D4 108544
BCOM 2 293 32.750000 6.000000 0.100000 E1 107881
BCOM 2 293 32.750000 6.000000 0.100000 E2 113454
BCOM 2 293 32.750000 6.000000 0.100000 E3 102176
BCOM 2 293 32.750000 6.000000 0.100000 E4 106014
BCOM 2 293 32.750000 6.000000 0.100000 F1 109238
BCOM 2 293 32.750000 6.000000 0.100000 F2 96525
BCOM 2 293 32.750000 6.000000 0.100000 F3 98085
BCOM 2 293 32.750000 6.000000 0.100000 F4 109787
BCOM 2 293 32.750000 6.000000 0.100000 G1 96955
BCOM 2 293 32.750000 6.000000 0.100000 G2 93849
BCOM 2 293 32.750000 6.000000 0.100000 G3 91680
BCOM 2 293 32.750000 6.000000 0.100000 G4 110851
BCOM 2 293 32.750000 6.000000 0.100000 H1 104742
BCOM 2 293 32.750000 6.000000 0.100000 H2 109104
BCOM 2 293 32.750000 6.000000 0.100000 H3 111062
BCOM 2 293 32.750000 6.000000 0.100000 H4 103990
BCOM 2 293 35.750000 9.000000 0.100000 A1 129630
BCOM 2 293 35.750000 9.000000 0.100000 A2 147379
BCOM 2 293 35.750000 9.000000 0.100000 A3 115941
BCOM 2 293 35.750000 9.000000 0.100000 A4 135045
BCOM 2 293 35.750000 9.000000 0.100000 B1 132285
BCOM 2 293 35.750000 9.000000 0.100000 B2 130326
BCOM 2 293 35.750000 9.000000 0.100000 B3 141813
BCOM 2 293 35.750000 9.000000 0.100000 B4 139359
BCOM 2 293 35.750000 9.000000 0.100000 C1 142319
BCOM 2 293 35.750000 9.000000 0.100000 C2 137200
BCOM 2 293 35.750000 9.000000 0.100000 C3 145084
BCOM 2 293 35.750000 9.000000 0.100000 C4 132217
BCOM 2 293 35.750000 9.000000 0.100000 D1 137333
BCOM 2 293 35.750000 9.000000 0.100000 D2 142014
BCOM 2 293 35.750000 9.000000 0.100000 D3 140546
BCOM 2 293 35.750000 9.000000 0.100000 D4 142877
BCOM 2 293 35.750000 9.000000 0.100000 E1 140610
BCOM 2 293 35.750000 9.000000 0.100000 E2 150768
BCOM 2 293 35.750000 9.000000 0.100000 E3 134735
BCOM 2 293 35.750000 9.000000 0.100000 E4 139520
BCOM 2 293 35.750000 9.000000 0.100000 F1 140634
BCOM 2 293 35.750000 9.000000 0.100000 F2 125329
BCOM 2 293 35.750000 9.000000 0.100000 F3 130061
BCOM 2 293 35.750000 9.000000 0.100000 F4 145277
BCOM 2 293 35.750000 9.000000 0.100000 G1 127471
BCOM 2 293 35.750000 9.000000 0.100000 G2 123864
BCOM 2 293 35.750000 9.000000 0.100000 G3 129999
BCOM 2 293 35.750000 9.000000 0.100000 G4 141933
BCOM 2 293 35.750000 9.000000 0.100000 H1 139142
BCOM 2 293 35.750000 9.000000 0.100000 H2 144493
BCOM 2 293 35.750000 9.000000 0.100000 H3 141819
BCOM 2 293 35.750000 9.000000 0.100000 H4 138158
BCOM 2 263 29.000000 3.000000 0.100000 A1 6567
BCOM 2 263 29.000000 3.000000 0.100000 A2 8202
BCOM 2 263 29.000000 3.000000 0.100000 A3 5765
BCOM 2 263 29.000000 3.000000 0.100000 A4 7296
BCOM 2 263 29.000000 3.000000 0.100000 B1 7040
BCOM 2 263 29.000000 3.000000 0.100000 B2 6701
BCOM 2 263 29.000000 3.000000 0.100000 B3 7770
BCOM 2 263 29.000000 3.000000 0.100000 B4 7767
BCOM 2 263 29.000000 3.000000 0.100000 C1 7740
BCOM 2 263 29.000000 3.000000 0.100000 C2 7347
BCOM 2 263 29.000000 3.000000 0.100000 C3 8226
BCOM 2 263 29.000000 3.000000 0.100000 C4 6638
BCOM 2 263 29.000000 3.000000 0.100000 D1 7420
BCOM 2 263 29.000000 3.000000 0.100000 D2 7693
BCOM 2 263 29.000000 3.000000 0.100000 D3 7510
BCOM 2 263 29.000000 3.000000 0.100000 D4 7894
BCOM 2 263 29.000000 3.000000 0.100000 E1 7653
BCOM 2 263 29.000000 3.000000 0.100000 E2 8425
BCOM 2 263 29.000000 3.000000 0.100000 E3 7436
BCOM 2 263 29.000000 3.000000 0.100000 E4 7365
BCOM 2 263 29.000000 3.000000 0.100000 F1 7745
BCOM 2 263 29.000000 3.000000 0.100000 F2 6574
BCOM 2 263 29.000000 3.000000 0.100000 F3 6864
BCOM 2 263 29.000000 3.000000 0.100000 F4 8150
BCOM 2 263 29.000000 3.000000 0.100000 G1 6575
BCOM 2 263 29.000000 3.000000 0.100000 G2 6273
BCOM 2 263 29.000000 3.000000 0.100000 G3 7691
BCOM 2 263 29.000000 3.000000 0.100000 G4 7792
BCOM 2 263 29.000000 3.000000 0.100000 H1 7477
BCOM 2 263 29.000000 3.000000 0.100000 H2 7732
BCOM 2 263 29.000000 3.000000 0.100000 H3 8105
BCOM 2 263 29.000000 3.000000 0.100000 H4 7435
BCOM 2 263 32.000000 6.000000 0.100000 A1 14780
BCOM 2 263 32.000000 6.000000 0.100000 A2 18035
BCOM 2 263 32.000000 6.000000 0.100000 A3 12613
BCOM 2 263 32.000000 6.000000 0.100000 A4 15611
BCOM 2 263 32.000000 6.000000 0.100000 B1 14954
BCOM 2 263 32.000000 6.000000 0.100000 B2 14962
BCOM 2 263 32.000000 6.000000 0.100000 B3 16281
BCOM 2 263 32.000000 6.000000 0.100000 B4 16767
BCOM 2 263 32.000000 6.000000 0.100000 C1 16876
BCOM 2 263 32.000000 6.000000 0.100000 C2 15299
BCOM 2 263 32.000000 6.000000 0.100000 C3 16987
BCOM 2 263 32.000000 6.000000 0.100000 C4 14837
BCOM 2 263 32.000000 6.000000 0.100000 D1 15825
BCOM 2 263 32.000000 6.000000 0.100000 D2 16047
BCOM 2 263 32.000000 6.000000 0.100000 D3 16187
BCOM 2 263 32.000000 6.000000 0.100000 D4 17122
BCOM 2 263 32.000000 6.000000 0.100000 E1 15971
BCOM 2 263 32.000000 6.000000 0.100000 E2 17911
BCOM 2 263 32.000000 6.000000 0.100000 E3 15866
BCOM 2 263 32.000000 6.000000 0.100000 E4 15741
BCOM 2 263 32.000000 6.000000 0.100000 F1 16835
BCOM 2 263 32.000000 6.000000 0.100000 F2 14322
BCOM 2 263 32.000000 6.000000 0.100000 F3 14211
BCOM 2 263 32.000000 6.000000 0.100000 F4 17205
BCOM 2 263 32.000000 6.000000 0.100000 G1 14230
BCOM 2 263 32.000000 6.000000 0.100000 G2 13600
BCOM 2 263 32.000000 6.000000 0.100000 G3 16066
BCOM 2 263 32.000000 6.000000 0.100000 G4 16847
BCOM 2 263 32.000000 6.000000 0.100000 H1 15464
BCOM 2 263 32.000000 6.000000 0.100000 H2 16887
BCOM 2 263 32.000000 6.000000 0.100000 H3 17040
BCOM 2 263 32.000000 6.000000 0.100000 H4 15817
BCOM 2 263 35.000000 9.000000 0.100000 A1 23186
BCOM 2 263 35.000000 9.000000 0.100000 A2 26274
BCOM 2 263 35.000000 9.000000 0.100000 A3 19162
BCOM 2 263 35.000000 9.000000 0.100000 A4 24626
BCOM 2 263 35.000000 9.000000 0.100000 B1 23137
BCOM 2 263 35.000000 9.000000 0.100000 B2 21593
BCOM 2 263 35.000000 9.000000 0.100000 B3 24877
BCOM 2 263 35.000000 9.000000 0.100000 B4 24824
BCOM 2 263 35.000000 9.000000 0.100000 C1 25256
BCOM 2 263 35.000000 9.000000 0.100000 C2 23643
BCOM 2 263 35.000000 9.000000 0.100000 C3 26560
BCOM 2 263 35.000000 9.000000 0.100000 C4 22589
BCOM 2 263 35.000000 9.000000 0.100000 D1 23566
BCOM 2 263 35.000000 9.000000 0.100000 D2 24531
BCOM 2 263 35.000000 9.000000 0.100000 D3 25185
BCOM 2 263 35.000000 9.000000 0.100000 D4 25490
BCOM 2 263 35.000000 9.000000 0.100000 E1 24612
BCOM 2 263 35.000000 9.000000 0.100000 E2 27249
BCOM 2 263 35.000000 9.000000 0.100000 E3 23142
BCOM 2 263 35.000000 9.000000 0.100000 E4 24466
BCOM 2 263 35.000000 9.000000 0.100000 F1 25790
BCOM 2 263 35.000000 9.000000 0.100000 F2 21259
BCOM 2 263 35.000000 9.000000 0.100000 F3 21687
BCOM 2 263 35.000000 9.000000 0.100000 F4 27093
BCOM 2 263 35.000000 9.000000 0.100000 G1 20658
BCOM 2 263 35.000000 9.000000 0.100000 G2 21625
BCOM 2 263 35.000000 9.000000 0.100000 G3 23441
BCOM 2 263 35.000000 9.000000 0.100000 G4 25656
BCOM 2 263 35.000000 9.000000 0.100000 H1 24428
BCOM 2 263 35.000000 9.000000 0.100000 H2 24656
BCOM 2 263 35.000000 9.000000 0.100000 H3 25345
BCOM 2 263 35.000000 9.000000 0.100000 H4 24869
BCOM 2 243 28.450000 3.000000 0.200000 A1 2471
BCOM 2 243 28.450000 3.000000 0.200000 A2 3008
BCOM 2 243 28.450000 3.000000 0.200000 A3 2130
BCOM 2 243 28.450000 3.000000 0.200000 A4 2637
BCOM 2 243 28.450000 3.000000 0.200000 B1 2825
BCOM 2 243 28.450000 3.000000 0.200000 B2 2539
BCOM 2 243 28.450000 3.000000 0.200000 B3 2912
BCOM 2 243 28.450000 3.000000 0.200000 B4 2761
BCOM 2 243 28.450000 3.000000 0.200000 C1 2894
BCOM 2 243 28.450000 3.000000 0.200000 C2 2743
BCOM 2 243 28.450000 3.000000 0.200000 C3 3085
BCOM 2 243 28.450000 3.000000 0.200000 C4 2424
BCOM 2 243 28.450000 3.000000 0.200000 D1 2706
BCOM 2 243 28.450000 3.000000 0.200000 D2 2834
BCOM 2 243 28.450000 3.000000 0.200000 D3 2746
BCOM 2 243 28.450000 3.000000 0.200000 D4 2868
BCOM 2 243 28.450000 3.000000 0.200000 E1 2777
BCOM 2 243 28.450000 3.000000 0.200000 E2 3019
BCOM 2 243 28.450000 3.000000 0.200000 E3 2733
BCOM 2 243 28.450000 3.000000 0.200000 E4 2736
BCOM 2 243 28.450000 3.000000 0.200000 F1 2782
BCOM 2 243 28.450000 3.000000 0.200000 F2 2372
BCOM 2 243 28.450000 3.000000 0.200000 F3 2571
BCOM 2 243 28.450000 3.000000 0.200000 F4 3026
BCOM 2 243 28.450000 3.000000 0.200000 G1 2266
BCOM 2 243 28.450000 3.000000 0.200000 G2 2290
BCOM 2 243 28.450000 3.000000 0.200000 G3 3004
BCOM 2 243 28.450000 3.000000 0.200000 G4 2891
BCOM 2 243 28.450000 3.000000 0.200000 H1 2780
BCOM 2 243 28.450000 3.000000 0.200000 H2 2869
BCOM 2 243 28.450000 3.000000 0.200000 H3 2959
BCOM 2 243 28.450000 3.000000 0.200000 H4 2684
BCOM 2 243 31.450000 6.000000 0.200000 A1 6092
BCOM 2 243 31.450000 6.000000 0.200000 A2 7148
BCOM 2 243 31.450000 6.000000 0.200000 A3 4837
BCOM 2 243 31.450000 6.000000 0.200000 A4 6176
BCOM 2 243 31.450000 6.000000 0.200000 B1 6321
BCOM 2 243 31.450000 6.000000 0.200000 B2 6002
BCOM 2 243 31.450000 6.000000 0.200000 B3 6881
BCOM 2 243 31.450000 6.000000 0.200000 B4 6566
BCOM 2 243 31.450000 6.000000 0.200000 C1 6427
BCOM 2 243 31.450000 6.000000 0.200000 C2 6320
BCOM 2 243 31.450000 6.000000 0.200000 C3 7095
BCOM 2 243 31.450000 6.000000 0.200000 C4 5964
BCOM 2 243 31.450000 6.000000 0.200000 D1 6291
BCOM 2 243 31.450000 6.000000 0.200000 D2 6428
BCOM 2 243 31.450000 6.000000 0.200000 D3 6545
BCOM 2 243 31.450000 6.000000 0.200000 D4 7101
BCOM 2 243 31.450000 6.000000 0.200000 E1 6904
BCOM 2 243 31.450000 6.000000 0.200000 E2 7281
BCOM 2 243 31.450000 6.000000 0.200000 E3 6225
BCOM 2 243 31.450000 6.000000 0.200000 E4 6395
BCOM 2 243 31.450000 6.000000 0.200000 F1 6724
BCOM 2 243 31.450000 6.000000 0.200000 F2 5710
BCOM 2 243 31.450000 6.000000 0.200000 F3 5830
BCOM 2 243 31.450000 6.000000 0.200000 F4 6925
BCOM 2 243 31.450000 6.000000 0.200000 G1 5172
BCOM 2 243 31.450000 6.000000 0.200000 G2 5573
BCOM 2 243 31.450000 6.000000 0.200000 G3 7104
BCOM 2 243 31.450000 6.000000 0.200000 G4 6696
BCOM 2 243 31.450000 6.000000 0.200000 H1 6165
BCOM 2 243 31.450000 6.000000 0.200000 H2 6720
BCOM 2 243 31.450000 6.000000 0.200000 H3 7107
BCOM 2 243 31.450000 6.000000 0.200000 H4 6711
BCOM 2 243 34.450000 9.000000 0.200000 A1 9861
BCOM 2 243 34.450000 9.000000 0.200000 A2 11689
BCOM 2 243 34.450000 9.000000 0.200000 A3 8403
BCOM 2 243 34.450000 9.000000 0.200000 A4 10603
BCOM 2 243 34.450000 9.000000 0.200000 B1 10590
BCOM 2 243 34.450000 9.000000 0.200000 B2 9464
BCOM 2 243 34.450000 9.000000 0.200000 B3 11074
BCOM 2 243 34.450000 9.000000 0.200000 B4 11405
BCOM 2 243 34.450000 9.000000 0.200000 C1 11400
BCOM 2 243 34.450000 9.000000 0.200000 C2 10600
BCOM 2 243 34.450000 9.000000 0.200000 C3 11229
BCOM 2 243 34.450000 9.000000 0.200000 C4 10002
BCOM 2 243 34.450000 9.000000 0.200000 D1 10948
BCOM 2 243 34.450000 9.000000 0.200000 D2 11033
BCOM 2 243 34.450000 9.000000 0.200000 D3 10986
BCOM 2 243 34.450000 9.000000 0.200000 D4 11135
BCOM 2 243 34.450000 9.000000 0.200000 E1 11314
BCOM 2 243 34.450000 9.000000 0.200000 E2 12204
BCOM 2 243 34.450000 9.000000 0.200000 E3 10593
BCOM 2 243 34.450000 9.000000 0.200000 E4 10912
BCOM 2 243 34.450000 9.000000 0.200000 F1 10683
BCOM 2 243 34.450000 9.000000 0.200000 F2 9459
BCOM 2 243 34.450000 9.000000 0.200000 F3 10005
BCOM 2 243 34.450000 9.000000 0.200000 F4 11987
BCOM 2 243 34.450000 9.000000 0.200000 G1 8716
BCOM 2 243 34.450000 9.000000 0.200000 G2 9087
BCOM 2 243 34.450000 9.000000 0.200000 G3 11796
BCOM 2 243 34.450000 9.000000 0.200000 G4 11699
BCOM 2 243 34.450000 9.000000 0.200000 H1 10210
BCOM 2 243 34.450000 9.000000 0.200000 H2 10763
BCOM 2 243 34.450000 9.000000 0.200000 H3 11371
BCOM 2 243 34.450000 9.000000 0.200000 H4 10792
