board/C:serial/I:temp/I:vbias/F:vover/F:time/F:channel/C:counts/I
HAMA1 4 293 53.000000 2.000000 0.100000 A1 9526
HAMA1 4 293 53.000000 2.000000 0.100000 A2 10414
HAMA1 4 293 55.000000 4.000000 0.100000 A1 15316
HAMA1 4 293 55.000000 4.000000 0.100000 A2 16560
HAMA1 4 293 57.000000 6.000000 0.100000 A1 20235
HAMA1 4 293 57.000000 6.000000 0.100000 A2 21142
HAMA1 4 293 53.800000 2.000000 0.100000 B1 18134
HAMA1 4 293 53.800000 2.000000 0.100000 B2 18621
HAMA1 4 293 55.800000 4.000000 0.100000 B1 33099
HAMA1 4 293 55.800000 4.000000 0.100000 B2 33755
HAMA1 4 293 57.800000 6.000000 0.100000 B1 47638
HAMA1 4 293 57.800000 6.000000 0.100000 B2 48098
HAMA1 4 263 51.350000 2.000000 0.500000 A1 2055
HAMA1 4 263 51.350000 2.000000 0.500000 A2 2529
HAMA1 4 263 53.350000 4.000000 0.500000 A1 4043
HAMA1 4 263 53.350000 4.000000 0.500000 A2 4512
HAMA1 4 263 55.350000 6.000000 0.500000 A1 5973
HAMA1 4 263 55.350000 6.000000 0.500000 A2 6474
HAMA1 4 263 52.150000 2.000000 0.500000 B1 6021
HAMA1 4 263 52.150000 2.000000 0.500000 B2 6146
HAMA1 4 263 54.150000 4.000000 0.500000 B1 11639
HAMA1 4 263 54.150000 4.000000 0.500000 B2 12692
HAMA1 4 263 56.150000 6.000000 0.500000 B1 18307
HAMA1 4 263 56.150000 6.000000 0.500000 B2 19612
HAMA1 4 243 50.100000 2.000000 1.000000 A1 493
HAMA1 4 243 50.100000 2.000000 1.000000 A2 646
HAMA1 4 243 52.100000 4.000000 1.000000 A1 1208
HAMA1 4 243 52.100000 4.000000 1.000000 A2 1331
HAMA1 4 243 54.100000 6.000000 1.000000 A1 1892
HAMA1 4 243 54.100000 6.000000 1.000000 A2 2070
HAMA1 4 243 51.100000 2.000000 1.000000 B1 1757
HAMA1 4 243 51.100000 2.000000 1.000000 B2 1932
HAMA1 4 243 53.100000 4.000000 1.000000 B1 3629
HAMA1 4 243 53.100000 4.000000 1.000000 B2 3690
HAMA1 4 243 57.800000 6.000000 1.000000 B1 5849
HAMA1 4 243 57.800000 6.000000 1.000000 B2 6044
