board/C:serial/I:temp/I:vbias/F:vover/F:time/F:channel/C:counts/I
FBK 4 293 34.200000 2.000000 0.100000 A1 13941
FBK 4 293 34.200000 2.000000 0.100000 A2 15439
FBK 4 293 34.200000 2.000000 0.100000 A3 18790
FBK 4 293 34.200000 2.000000 0.100000 A4 19409
FBK 4 293 34.200000 2.000000 0.100000 C1 16008
FBK 4 293 34.200000 2.000000 0.100000 C2 16002
FBK 4 293 34.200000 2.000000 0.100000 C3 17433
FBK 4 293 34.200000 2.000000 0.100000 C4 14555
FBK 4 293 34.200000 2.000000 0.100000 E1 15882
FBK 4 293 34.200000 2.000000 0.100000 E2 16027
FBK 4 293 34.200000 2.000000 0.100000 E3 13224
FBK 4 293 34.200000 2.000000 0.100000 E4 19418
FBK 4 293 36.200000 4.000000 0.100000 A1 24375
FBK 4 293 36.200000 4.000000 0.100000 A2 26575
FBK 4 293 36.200000 4.000000 0.100000 A3 29822
FBK 4 293 36.200000 4.000000 0.100000 A4 31238
FBK 4 293 36.200000 4.000000 0.100000 C1 27743
FBK 4 293 36.200000 4.000000 0.100000 C2 28536
FBK 4 293 36.200000 4.000000 0.100000 C3 31356
FBK 4 293 36.200000 4.000000 0.100000 C4 25496
FBK 4 293 36.200000 4.000000 0.100000 E1 27734
FBK 4 293 36.200000 4.000000 0.100000 E2 27505
FBK 4 293 36.200000 4.000000 0.100000 E3 22624
FBK 4 293 36.200000 4.000000 0.100000 E4 34208
FBK 4 293 38.200000 6.000000 0.100000 A1 33001
FBK 4 293 38.200000 6.000000 0.100000 A2 36105
FBK 4 293 38.200000 6.000000 0.100000 A3 39578
FBK 4 293 38.200000 6.000000 0.100000 A4 40939
FBK 4 293 38.200000 6.000000 0.100000 C1 37959
FBK 4 293 38.200000 6.000000 0.100000 C2 36641
FBK 4 293 38.200000 6.000000 0.100000 C3 42464
FBK 4 293 38.200000 6.000000 0.100000 C4 34047
FBK 4 293 38.200000 6.000000 0.100000 E1 36579
FBK 4 293 38.200000 6.000000 0.100000 E2 36940
FBK 4 293 38.200000 6.000000 0.100000 E3 31413
FBK 4 293 38.200000 6.000000 0.100000 E4 47452
FBK 4 293 34.950000 3.000000 0.100000 B1 17104
FBK 4 293 34.950000 3.000000 0.100000 B2 15585
FBK 4 293 34.950000 3.000000 0.100000 B3 20808
FBK 4 293 34.950000 3.000000 0.100000 B4 19037
FBK 4 293 34.950000 3.000000 0.100000 D1 19746
FBK 4 293 34.950000 3.000000 0.100000 D2 18381
FBK 4 293 34.950000 3.000000 0.100000 D3 22145
FBK 4 293 34.950000 3.000000 0.100000 D4 19469
FBK 4 293 34.950000 3.000000 0.100000 F1 17697
FBK 4 293 34.950000 3.000000 0.100000 F2 20538
FBK 4 293 34.950000 3.000000 0.100000 F3 18449
FBK 4 293 34.950000 3.000000 0.100000 F4 20186
FBK 4 293 37.950000 6.000000 0.100000 B1 30199
FBK 4 293 37.950000 6.000000 0.100000 B2 28260
FBK 4 293 37.950000 6.000000 0.100000 B3 39161
FBK 4 293 37.950000 6.000000 0.100000 B4 35132
FBK 4 293 37.950000 6.000000 0.100000 D1 35724
FBK 4 293 37.950000 6.000000 0.100000 D2 34020
FBK 4 293 37.950000 6.000000 0.100000 D3 40250
FBK 4 293 37.950000 6.000000 0.100000 D4 34926
FBK 4 293 37.950000 6.000000 0.100000 F1 30967
FBK 4 293 37.950000 6.000000 0.100000 F2 36287
FBK 4 293 37.950000 6.000000 0.100000 F3 35599
FBK 4 293 37.950000 6.000000 0.100000 F4 35683
FBK 4 293 40.950000 9.000000 0.100000 B1 43783
FBK 4 293 40.950000 9.000000 0.100000 B2 41362
FBK 4 293 40.950000 9.000000 0.100000 B3 57883
FBK 4 293 40.950000 9.000000 0.100000 B4 52469
FBK 4 293 40.950000 9.000000 0.100000 D1 52318
FBK 4 293 40.950000 9.000000 0.100000 D2 49919
FBK 4 293 40.950000 9.000000 0.100000 D3 58434
FBK 4 293 40.950000 9.000000 0.100000 D4 51872
FBK 4 293 40.950000 9.000000 0.100000 F1 46754
FBK 4 293 40.950000 9.000000 0.100000 F2 52959
FBK 4 293 40.950000 9.000000 0.100000 F3 52925
FBK 4 293 40.950000 9.000000 0.100000 F4 51907
FBK 4 263 33.250000 2.000000 0.200000 A1 1905
FBK 4 263 33.250000 2.000000 0.200000 A2 2135
FBK 4 263 33.250000 2.000000 0.200000 A3 2835
FBK 4 263 33.250000 2.000000 0.200000 A4 2896
FBK 4 263 33.250000 2.000000 0.200000 C1 2395
FBK 4 263 33.250000 2.000000 0.200000 C2 2623
FBK 4 263 33.250000 2.000000 0.200000 C3 2701
FBK 4 263 33.250000 2.000000 0.200000 C4 2115
FBK 4 263 33.250000 2.000000 0.200000 E1 2159
FBK 4 263 33.250000 2.000000 0.200000 E2 2268
FBK 4 263 33.250000 2.000000 0.200000 E3 1733
FBK 4 263 33.250000 2.000000 0.200000 E4 3548
FBK 4 263 35.250000 4.000000 0.200000 A1 4010
FBK 4 263 35.250000 4.000000 0.200000 A2 4639
FBK 4 263 35.250000 4.000000 0.200000 A3 5699
FBK 4 263 35.250000 4.000000 0.200000 A4 5684
FBK 4 263 35.250000 4.000000 0.200000 C1 4789
FBK 4 263 35.250000 4.000000 0.200000 C2 5057
FBK 4 263 35.250000 4.000000 0.200000 C3 5991
FBK 4 263 35.250000 4.000000 0.200000 C4 4269
FBK 4 263 35.250000 4.000000 0.200000 E1 4901
FBK 4 263 35.250000 4.000000 0.200000 E2 4647
FBK 4 263 35.250000 4.000000 0.200000 E3 3534
FBK 4 263 35.250000 4.000000 0.200000 E4 8633
FBK 4 263 37.250000 6.000000 0.200000 A1 6427
FBK 4 263 37.250000 6.000000 0.200000 A2 7733
FBK 4 263 37.250000 6.000000 0.200000 A3 9131
FBK 4 263 37.250000 6.000000 0.200000 A4 8957
FBK 4 263 37.250000 6.000000 0.200000 C1 7686
FBK 4 263 37.250000 6.000000 0.200000 C2 7830
FBK 4 263 37.250000 6.000000 0.200000 C3 9836
FBK 4 263 37.250000 6.000000 0.200000 C4 7105
FBK 4 263 37.250000 6.000000 0.200000 E1 7730
FBK 4 263 37.250000 6.000000 0.200000 E2 7768
FBK 4 263 37.250000 6.000000 0.200000 E3 5832
FBK 4 263 37.250000 6.000000 0.200000 E4 16591
FBK 4 263 34.050000 3.000000 0.200000 B1 2301
FBK 4 263 34.050000 3.000000 0.200000 B2 1865
FBK 4 263 34.050000 3.000000 0.200000 B3 3110
FBK 4 263 34.050000 3.000000 0.200000 B4 2661
FBK 4 263 34.050000 3.000000 0.200000 D1 2609
FBK 4 263 34.050000 3.000000 0.200000 D2 2297
FBK 4 263 34.050000 3.000000 0.200000 D3 3219
FBK 4 263 34.050000 3.000000 0.200000 D4 2546
FBK 4 263 34.050000 3.000000 0.200000 F1 2141
FBK 4 263 34.050000 3.000000 0.200000 F2 2830
FBK 4 263 34.050000 3.000000 0.200000 F3 2402
FBK 4 263 34.050000 3.000000 0.200000 F4 2742
FBK 4 263 37.050000 6.000000 0.200000 B1 4454
FBK 4 263 37.050000 6.000000 0.200000 B2 3943
FBK 4 263 37.050000 6.000000 0.200000 B3 7266
FBK 4 263 37.050000 6.000000 0.200000 B4 5695
FBK 4 263 37.050000 6.000000 0.200000 D1 5705
FBK 4 263 37.050000 6.000000 0.200000 D2 5377
FBK 4 263 37.050000 6.000000 0.200000 D3 7177
FBK 4 263 37.050000 6.000000 0.200000 D4 5484
FBK 4 263 37.050000 6.000000 0.200000 F1 4782
FBK 4 263 37.050000 6.000000 0.200000 F2 5882
FBK 4 263 37.050000 6.000000 0.200000 F3 5669
FBK 4 263 37.050000 6.000000 0.200000 F4 5801
FBK 4 263 40.050000 9.000000 0.200000 B1 7332
FBK 4 263 40.050000 9.000000 0.200000 B2 6650
FBK 4 263 40.050000 9.000000 0.200000 B3 12101
FBK 4 263 40.050000 9.000000 0.200000 B4 9475
FBK 4 263 40.050000 9.000000 0.200000 D1 9893
FBK 4 263 40.050000 9.000000 0.200000 D2 8924
FBK 4 263 40.050000 9.000000 0.200000 D3 11279
FBK 4 263 40.050000 9.000000 0.200000 D4 10219
FBK 4 263 40.050000 9.000000 0.200000 F1 8076
FBK 4 263 40.050000 9.000000 0.200000 F2 9452
FBK 4 263 40.050000 9.000000 0.200000 F3 10098
FBK 4 263 40.050000 9.000000 0.200000 F4 9675
FBK 4 243 32.650000 2.000000 0.500000 A1 764
FBK 4 243 32.650000 2.000000 0.500000 A2 903
FBK 4 243 32.650000 2.000000 0.500000 A3 1108
FBK 4 243 32.650000 2.000000 0.500000 A4 1256
FBK 4 243 32.650000 2.000000 0.500000 C1 920
FBK 4 243 32.650000 2.000000 0.500000 C2 1082
FBK 4 243 32.650000 2.000000 0.500000 C3 1229
FBK 4 243 32.650000 2.000000 0.500000 C4 857
FBK 4 243 32.650000 2.000000 0.500000 E1 839
FBK 4 243 32.650000 2.000000 0.500000 E2 852
FBK 4 243 32.650000 2.000000 0.500000 E3 627
FBK 4 243 32.650000 2.000000 0.500000 E4 2002
FBK 4 243 34.650000 4.000000 0.500000 A1 1656
FBK 4 243 34.650000 4.000000 0.500000 A2 1999
FBK 4 243 34.650000 4.000000 0.500000 A3 2422
FBK 4 243 34.650000 4.000000 0.500000 A4 2440
FBK 4 243 34.650000 4.000000 0.500000 C1 2052
FBK 4 243 34.650000 4.000000 0.500000 C2 2439
FBK 4 243 34.650000 4.000000 0.500000 C3 2799
FBK 4 243 34.650000 4.000000 0.500000 C4 1772
FBK 4 243 34.650000 4.000000 0.500000 E1 2057
FBK 4 243 34.650000 4.000000 0.500000 E2 2148
FBK 4 243 34.650000 4.000000 0.500000 E3 1496
FBK 4 243 34.650000 4.000000 0.500000 E4 6646
FBK 4 243 36.650000 6.000000 0.500000 A1 2912
FBK 4 243 36.650000 6.000000 0.500000 A2 3464
FBK 4 243 36.650000 6.000000 0.500000 A3 4364
FBK 4 243 36.650000 6.000000 0.500000 A4 4239
FBK 4 243 36.650000 6.000000 0.500000 C1 3548
FBK 4 243 36.650000 6.000000 0.500000 C2 4186
FBK 4 243 36.650000 6.000000 0.500000 C3 4913
FBK 4 243 36.650000 6.000000 0.500000 C4 3124
FBK 4 243 36.650000 6.000000 0.500000 E1 3438
FBK 4 243 36.650000 6.000000 0.500000 E2 3689
FBK 4 243 36.650000 6.000000 0.500000 E3 2629
FBK 4 243 36.650000 6.000000 0.500000 E4 9012
FBK 4 243 33.500000 3.000000 0.500000 B1 842
FBK 4 243 33.500000 3.000000 0.500000 B2 732
FBK 4 243 33.500000 3.000000 0.500000 B3 1362
FBK 4 243 33.500000 3.000000 0.500000 B4 1081
FBK 4 243 33.500000 3.000000 0.500000 D1 1120
FBK 4 243 33.500000 3.000000 0.500000 D2 958
FBK 4 243 33.500000 3.000000 0.500000 D3 1430
FBK 4 243 33.500000 3.000000 0.500000 D4 1056
FBK 4 243 33.500000 3.000000 0.500000 F1 879
FBK 4 243 33.500000 3.000000 0.500000 F2 1208
FBK 4 243 33.500000 3.000000 0.500000 F3 1117
FBK 4 243 33.500000 3.000000 0.500000 F4 1097
FBK 4 243 36.500000 6.000000 0.500000 B1 1916
FBK 4 243 36.500000 6.000000 0.500000 B2 1602
FBK 4 243 36.500000 6.000000 0.500000 B3 3319
FBK 4 243 36.500000 6.000000 0.500000 B4 2729
FBK 4 243 36.500000 6.000000 0.500000 D1 2591
FBK 4 243 36.500000 6.000000 0.500000 D2 2166
FBK 4 243 36.500000 6.000000 0.500000 D3 3268
FBK 4 243 36.500000 6.000000 0.500000 D4 2500
FBK 4 243 36.500000 6.000000 0.500000 F1 1984
FBK 4 243 36.500000 6.000000 0.500000 F2 2559
FBK 4 243 36.500000 6.000000 0.500000 F3 2577
FBK 4 243 36.500000 6.000000 0.500000 F4 2517
FBK 4 243 39.500000 9.000000 0.500000 B1 3430
FBK 4 243 39.500000 9.000000 0.500000 B2 3070
FBK 4 243 39.500000 9.000000 0.500000 B3 5707
FBK 4 243 39.500000 9.000000 0.500000 B4 4516
FBK 4 243 39.500000 9.000000 0.500000 D1 4436
FBK 4 243 39.500000 9.000000 0.500000 D2 3913
FBK 4 243 39.500000 9.000000 0.500000 D3 5523
FBK 4 243 39.500000 9.000000 0.500000 D4 4664
FBK 4 243 39.500000 9.000000 0.500000 F1 3536
FBK 4 243 39.500000 9.000000 0.500000 F2 4267
FBK 4 243 39.500000 9.000000 0.500000 F3 4732
FBK 4 243 39.500000 9.000000 0.500000 F4 4399
