board/C:serial/I:temp/I:vbias/F:vover/F:time/F:channel/C:counts/I
FBK 3 293 34.200000 2.000000 0.100000 A1 18255
FBK 3 293 34.200000 2.000000 0.100000 A2 12610
FBK 3 293 34.200000 2.000000 0.100000 A3 19937
FBK 3 293 34.200000 2.000000 0.100000 A4 18232
FBK 3 293 34.200000 2.000000 0.100000 C1 14952
FBK 3 293 34.200000 2.000000 0.100000 C2 14893
FBK 3 293 34.200000 2.000000 0.100000 C3 15250
FBK 3 293 34.200000 2.000000 0.100000 C4 16115
FBK 3 293 34.200000 2.000000 0.100000 E1 13528
FBK 3 293 34.200000 2.000000 0.100000 E2 14474
FBK 3 293 34.200000 2.000000 0.100000 E3 15074
FBK 3 293 34.200000 2.000000 0.100000 E4 15471
FBK 3 293 36.200000 4.000000 0.100000 A1 29794
FBK 3 293 36.200000 4.000000 0.100000 A2 22554
FBK 3 293 36.200000 4.000000 0.100000 A3 32031
FBK 3 293 36.200000 4.000000 0.100000 A4 31178
FBK 3 293 36.200000 4.000000 0.100000 C1 27284
FBK 3 293 36.200000 4.000000 0.100000 C2 28913
FBK 3 293 36.200000 4.000000 0.100000 C3 28269
FBK 3 293 36.200000 4.000000 0.100000 C4 28780
FBK 3 293 36.200000 4.000000 0.100000 E1 24499
FBK 3 293 36.200000 4.000000 0.100000 E2 25460
FBK 3 293 36.200000 4.000000 0.100000 E3 25950
FBK 3 293 36.200000 4.000000 0.100000 E4 27534
FBK 3 293 38.200000 6.000000 0.100000 A1 38895
FBK 3 293 38.200000 6.000000 0.100000 A2 30620
FBK 3 293 38.200000 6.000000 0.100000 A3 41258
FBK 3 293 38.200000 6.000000 0.100000 A4 41818
FBK 3 293 38.200000 6.000000 0.100000 C1 37540
FBK 3 293 38.200000 6.000000 0.100000 C2 39574
FBK 3 293 38.200000 6.000000 0.100000 C3 38607
FBK 3 293 38.200000 6.000000 0.100000 C4 38882
FBK 3 293 38.200000 6.000000 0.100000 E1 34018
FBK 3 293 38.200000 6.000000 0.100000 E2 34802
FBK 3 293 38.200000 6.000000 0.100000 E3 35254
FBK 3 293 38.200000 6.000000 0.100000 E4 37722
FBK 3 293 34.950000 3.000000 0.100000 B1 18004
FBK 3 293 34.950000 3.000000 0.100000 B2 18188
FBK 3 293 34.950000 3.000000 0.100000 B3 18271
FBK 3 293 34.950000 3.000000 0.100000 B4 18732
FBK 3 293 34.950000 3.000000 0.100000 D1 23793
FBK 3 293 34.950000 3.000000 0.100000 D2 23256
FBK 3 293 34.950000 3.000000 0.100000 D3 20514
FBK 3 293 34.950000 3.000000 0.100000 D4 20913
FBK 3 293 34.950000 3.000000 0.100000 F1 21461
FBK 3 293 34.950000 3.000000 0.100000 F2 20124
FBK 3 293 34.950000 3.000000 0.100000 F3 18253
FBK 3 293 34.950000 3.000000 0.100000 F4 17559
FBK 3 293 37.950000 6.000000 0.100000 B1 31436
FBK 3 293 37.950000 6.000000 0.100000 B2 32355
FBK 3 293 37.950000 6.000000 0.100000 B3 34112
FBK 3 293 37.950000 6.000000 0.100000 B4 33298
FBK 3 293 37.950000 6.000000 0.100000 D1 41187
FBK 3 293 37.950000 6.000000 0.100000 D2 42363
FBK 3 293 37.950000 6.000000 0.100000 D3 35915
FBK 3 293 37.950000 6.000000 0.100000 D4 35587
FBK 3 293 37.950000 6.000000 0.100000 F1 38434
FBK 3 293 37.950000 6.000000 0.100000 F2 36080
FBK 3 293 37.950000 6.000000 0.100000 F3 32893
FBK 3 293 37.950000 6.000000 0.100000 F4 32410
FBK 3 293 40.950000 9.000000 0.100000 B1 48217
FBK 3 293 40.950000 9.000000 0.100000 B2 46190
FBK 3 293 40.950000 9.000000 0.100000 B3 52564
FBK 3 293 40.950000 9.000000 0.100000 B4 50258
FBK 3 293 40.950000 9.000000 0.100000 D1 74257
FBK 3 293 40.950000 9.000000 0.100000 D2 73191
FBK 3 293 40.950000 9.000000 0.100000 D3 59626
FBK 3 293 40.950000 9.000000 0.100000 D4 50739
FBK 3 293 40.950000 9.000000 0.100000 F1 63218
FBK 3 293 40.950000 9.000000 0.100000 F2 54383
FBK 3 293 40.950000 9.000000 0.100000 F3 52522
FBK 3 293 40.950000 9.000000 0.100000 F4 49526
FBK 3 263 33.250000 2.000000 0.200000 A1 3027
FBK 3 263 33.250000 2.000000 0.200000 A2 1984
FBK 3 263 33.250000 2.000000 0.200000 A3 3312
FBK 3 263 33.250000 2.000000 0.200000 A4 2902
FBK 3 263 33.250000 2.000000 0.200000 C1 2540
FBK 3 263 33.250000 2.000000 0.200000 C2 3393
FBK 3 263 33.250000 2.000000 0.200000 C3 2521
FBK 3 263 33.250000 2.000000 0.200000 C4 2719
FBK 3 263 33.250000 2.000000 0.200000 E1 2063
FBK 3 263 33.250000 2.000000 0.200000 E2 2127
FBK 3 263 33.250000 2.000000 0.200000 E3 2402
FBK 3 263 33.250000 2.000000 0.200000 E4 2285
FBK 3 263 35.250000 4.000000 0.200000 A1 5836
FBK 3 263 35.250000 4.000000 0.200000 A2 4093
FBK 3 263 35.250000 4.000000 0.200000 A3 6568
FBK 3 263 35.250000 4.000000 0.200000 A4 6054
FBK 3 263 35.250000 4.000000 0.200000 C1 5322
FBK 3 263 35.250000 4.000000 0.200000 C2 6656
FBK 3 263 35.250000 4.000000 0.200000 C3 5523
FBK 3 263 35.250000 4.000000 0.200000 C4 5625
FBK 3 263 35.250000 4.000000 0.200000 E1 4450
FBK 3 263 35.250000 4.000000 0.200000 E2 4594
FBK 3 263 35.250000 4.000000 0.200000 E3 4794
FBK 3 263 35.250000 4.000000 0.200000 E4 5180
FBK 3 263 37.250000 6.000000 0.200000 A1 9400
FBK 3 263 37.250000 6.000000 0.200000 A2 6737
FBK 3 263 37.250000 6.000000 0.200000 A3 9873
FBK 3 263 37.250000 6.000000 0.200000 A4 9811
FBK 3 263 37.250000 6.000000 0.200000 C1 8300
FBK 3 263 37.250000 6.000000 0.200000 C2 11638
FBK 3 263 37.250000 6.000000 0.200000 C3 8960
FBK 3 263 37.250000 6.000000 0.200000 C4 9120
FBK 3 263 37.250000 6.000000 0.200000 E1 7299
FBK 3 263 37.250000 6.000000 0.200000 E2 7169
FBK 3 263 37.250000 6.000000 0.200000 E3 7994
FBK 3 263 37.250000 6.000000 0.200000 E4 8348
FBK 3 263 34.050000 3.000000 0.200000 B1 2344
FBK 3 263 34.050000 3.000000 0.200000 B2 2400
FBK 3 263 34.050000 3.000000 0.200000 B3 2423
FBK 3 263 34.050000 3.000000 0.200000 B4 2477
FBK 3 263 34.050000 3.000000 0.200000 D1 3768
FBK 3 263 34.050000 3.000000 0.200000 D2 3476
FBK 3 263 34.050000 3.000000 0.200000 D3 2855
FBK 3 263 34.050000 3.000000 0.200000 D4 2854
FBK 3 263 34.050000 3.000000 0.200000 F1 3137
FBK 3 263 34.050000 3.000000 0.200000 F2 2914
FBK 3 263 34.050000 3.000000 0.200000 F3 2370
FBK 3 263 34.050000 3.000000 0.200000 F4 2254
FBK 3 263 37.050000 6.000000 0.200000 B1 5082
FBK 3 263 37.050000 6.000000 0.200000 B2 4814
FBK 3 263 37.050000 6.000000 0.200000 B3 5484
FBK 3 263 37.050000 6.000000 0.200000 B4 5281
FBK 3 263 37.050000 6.000000 0.200000 D1 6755
FBK 3 263 37.050000 6.000000 0.200000 D2 7399
FBK 3 263 37.050000 6.000000 0.200000 D3 5944
FBK 3 263 37.050000 6.000000 0.200000 D4 5632
FBK 3 263 37.050000 6.000000 0.200000 F1 6670
FBK 3 263 37.050000 6.000000 0.200000 F2 6090
FBK 3 263 37.050000 6.000000 0.200000 F3 5004
FBK 3 263 37.050000 6.000000 0.200000 F4 5379
FBK 3 263 40.050000 9.000000 0.200000 B1 9020
FBK 3 263 40.050000 9.000000 0.200000 B2 8159
FBK 3 263 40.050000 9.000000 0.200000 B3 9953
FBK 3 263 40.050000 9.000000 0.200000 B4 9673
FBK 3 263 40.050000 9.000000 0.200000 D1 17130
FBK 3 263 40.050000 9.000000 0.200000 D2 16477
FBK 3 263 40.050000 9.000000 0.200000 D3 12176
FBK 3 263 40.050000 9.000000 0.200000 D4 9253
FBK 3 263 40.050000 9.000000 0.200000 F1 13471
FBK 3 263 40.050000 9.000000 0.200000 F2 10829
FBK 3 263 40.050000 9.000000 0.200000 F3 10081
FBK 3 263 40.050000 9.000000 0.200000 F4 9299
FBK 3 243 32.650000 2.000000 0.500000 A1 1256
FBK 3 243 32.650000 2.000000 0.500000 A2 894
FBK 3 243 32.650000 2.000000 0.500000 A3 1319
FBK 3 243 32.650000 2.000000 0.500000 A4 1207
FBK 3 243 32.650000 2.000000 0.500000 C1 1082
FBK 3 243 32.650000 2.000000 0.500000 C2 3590
FBK 3 243 32.650000 2.000000 0.500000 C3 1057
FBK 3 243 32.650000 2.000000 0.500000 C4 1118
FBK 3 243 32.650000 2.000000 0.500000 E1 778
FBK 3 243 32.650000 2.000000 0.500000 E2 795
FBK 3 243 32.650000 2.000000 0.500000 E3 985
FBK 3 243 32.650000 2.000000 0.500000 E4 1012
FBK 3 243 34.650000 4.000000 0.500000 A1 2654
FBK 3 243 34.650000 4.000000 0.500000 A2 1958
FBK 3 243 34.650000 4.000000 0.500000 A3 2713
FBK 3 243 34.650000 4.000000 0.500000 A4 2684
FBK 3 243 34.650000 4.000000 0.500000 C1 2335
FBK 3 243 34.650000 4.000000 0.500000 C2 4038
FBK 3 243 34.650000 4.000000 0.500000 C3 2351
FBK 3 243 34.650000 4.000000 0.500000 C4 2579
FBK 3 243 34.650000 4.000000 0.500000 E1 1813
FBK 3 243 34.650000 4.000000 0.500000 E2 1858
FBK 3 243 34.650000 4.000000 0.500000 E3 2092
FBK 3 243 34.650000 4.000000 0.500000 E4 2284
FBK 3 243 36.650000 6.000000 0.500000 A1 4696
FBK 3 243 36.650000 6.000000 0.500000 A2 3050
FBK 3 243 36.650000 6.000000 0.500000 A3 4559
FBK 3 243 36.650000 6.000000 0.500000 A4 4576
FBK 3 243 36.650000 6.000000 0.500000 C1 3891
FBK 3 243 36.650000 6.000000 0.500000 C2 17150
FBK 3 243 36.650000 6.000000 0.500000 C3 3964
FBK 3 243 36.650000 6.000000 0.500000 C4 4290
FBK 3 243 36.650000 6.000000 0.500000 E1 3150
FBK 3 243 36.650000 6.000000 0.500000 E2 3186
FBK 3 243 36.650000 6.000000 0.500000 E3 3631
FBK 3 243 36.650000 6.000000 0.500000 E4 3852
FBK 3 243 33.500000 3.000000 0.500000 B1 1014
FBK 3 243 33.500000 3.000000 0.500000 B2 938
FBK 3 243 33.500000 3.000000 0.500000 B3 1029
FBK 3 243 33.500000 3.000000 0.500000 B4 1096
FBK 3 243 33.500000 3.000000 0.500000 D1 1360
FBK 3 243 33.500000 3.000000 0.500000 D2 1433
FBK 3 243 33.500000 3.000000 0.500000 D3 1097
FBK 3 243 33.500000 3.000000 0.500000 D4 1136
FBK 3 243 33.500000 3.000000 0.500000 F1 1332
FBK 3 243 33.500000 3.000000 0.500000 F2 1314
FBK 3 243 33.500000 3.000000 0.500000 F3 1044
FBK 3 243 33.500000 3.000000 0.500000 F4 1008
FBK 3 243 36.500000 6.000000 0.500000 B1 2210
FBK 3 243 36.500000 6.000000 0.500000 B2 2000
FBK 3 243 36.500000 6.000000 0.500000 B3 2367
FBK 3 243 36.500000 6.000000 0.500000 B4 2394
FBK 3 243 36.500000 6.000000 0.500000 D1 3050
FBK 3 243 36.500000 6.000000 0.500000 D2 3292
FBK 3 243 36.500000 6.000000 0.500000 D3 2531
FBK 3 243 36.500000 6.000000 0.500000 D4 2544
FBK 3 243 36.500000 6.000000 0.500000 F1 2615
FBK 3 243 36.500000 6.000000 0.500000 F2 2789
FBK 3 243 36.500000 6.000000 0.500000 F3 2162
FBK 3 243 36.500000 6.000000 0.500000 F4 2285
FBK 3 243 39.500000 9.000000 0.500000 B1 4202
FBK 3 243 39.500000 9.000000 0.500000 B2 3499
FBK 3 243 39.500000 9.000000 0.500000 B3 4668
FBK 3 243 39.500000 9.000000 0.500000 B4 4342
FBK 3 243 39.500000 9.000000 0.500000 D1 9105
FBK 3 243 39.500000 9.000000 0.500000 D2 8505
FBK 3 243 39.500000 9.000000 0.500000 D3 5707
FBK 3 243 39.500000 9.000000 0.500000 D4 4178
FBK 3 243 39.500000 9.000000 0.500000 F1 6471
FBK 3 243 39.500000 9.000000 0.500000 F2 4910
FBK 3 243 39.500000 9.000000 0.500000 F3 4717
FBK 3 243 39.500000 9.000000 0.500000 F4 4362
